3 0.895582 529.12 579.47 662.79 650.45 0
3 0.895071 296.13 567.86 409.00 625.02 5
3 0.813928 481.53 403.01 592.06 450.66 0
3 0.808207 643.59 259.44 689.65 294.97 2
3 0.803926 254.97 526.81 384.75 599.94 5
3 0.770341 956.67 100.24 997.21 116.00 4
3 0.725147 959.63 127.67 996.74 145.76 4
3 0.711606 276.31 663.17 432.84 735.10 0
3 0.706491 747.22 383.13 802.40 431.64 0
3 0.697372 283.84 617.14 438.27 680.36 0
3 0.694191 700.73 379.13 753.03 436.14 0
3 0.693385 616.78 239.14 689.16 265.92 2
3 0.685840 701.55 59.25 718.49 74.22 3
3 0.684538 651.52 390.64 697.39 440.01 0
3 0.680987 603.83 387.14 646.67 445.23 0
3 0.677257 682.67 48.36 699.46 61.89 3
0 0.665807 752.48 128.95 758.23 148.72 2
3 0.664688 652.93 332.07 728.73 376.16 0
5 0.661352 687.75 22.81 702.09 36.32 3
3 0.642067 210.05 721.09 385.00 764.00 0
5 0.640762 937.10 152.69 960.27 177.14 4
3 0.634544 1091.60 263.76 1143.33 297.18 0
3 0.612722 988.51 180.51 1022.39 205.05 0
3 0.607457 714.83 76.02 734.83 92.11 3
3 0.592071 386.11 383.57 425.53 426.88 0
3 0.574928 739.13 68.17 760.73 91.46 3
0 0.557945 727.73 126.48 735.52 143.36 2
5 0.555026 642.89 105.64 691.24 127.27 2
3 0.546854 676.94 37.48 689.09 49.81 3
8 0.545638 642.27 105.78 690.96 127.03 1
5 0.531846 713.82 45.49 731.63 63.32 3
5 0.526647 988.13 181.61 1022.10 204.44 4
5 0.513888 736.22 315.30 773.97 363.60 0
3 0.512687 704.96 69.27 723.24 83.06 3
5 0.512418 0.11 132.61 31.51 184.10 0
5 0.510114 870.07 79.44 881.07 93.42 4
3 0.498288 936.98 157.32 959.01 177.48 0
8 0.493648 386.72 385.56 409.00 434.82 5
3 0.490139 732.70 63.01 747.24 80.27 3
3 0.485109 430.68 374.98 476.91 424.72 0
3 0.464531 655.34 333.14 711.92 339.95 2
3 0.459843 737.59 316.45 775.25 339.85 2
3 0.434142 631.95 10.86 643.32 21.27 3
0 0.422536 897.69 91.18 903.66 105.64 4
3 0.397587 563.79 248.05 593.18 260.61 2
3 0.389938 386.73 385.63 409.00 434.87 5
3 0.378666 981.59 93.07 1016.26 111.35 4
5 0.376184 549.18 106.49 582.60 126.98 2
5 0.370367 665.60 29.16 679.32 40.64 3
5 0.365150 1136.27 114.88 1241.52 161.55 0
9 0.362834 769.54 84.68 776.44 103.15 3
3 0.359923 774.13 73.04 795.18 92.11 3
8 0.353410 1132.00 114.72 1241.84 161.32 0
5 0.331214 870.00 69.36 873.48 78.73 4
3 0.315267 665.62 29.25 679.45 40.81 3
0 0.312509 98.26 555.68 116.48 580.82 0
5 0.294374 757.95 72.00 795.92 92.56 2
0 0.286636 667.70 61.33 673.86 74.08 3
5 0.281673 657.54 7.49 674.45 28.50 3
3 0.278221 735.51 314.19 774.42 364.01 0
3 0.263045 334.85 608.61 408.20 625.93 5
9 0.257887 1070.20 59.39 1076.26 75.79 4
0 0.254063 1181.12 536.33 1213.42 573.56 0
