3 0.911263 1160.08 635.78 1289.66 727.09 8
3 0.909478 1282.72 786.72 1432.36 887.03 4
3 0.900414 1120.93 560.18 1236.78 618.59 8
3 0.896245 912.93 521.03 977.17 580.91 8
3 0.869324 1026.01 441.06 1122.16 486.79 6
0 0.868934 1589.05 854.27 1614.85 923.43 5
3 0.865797 1061.54 501.88 1169.33 555.40 6
3 0.862491 629.17 413.46 675.91 454.88 7
0 0.861643 1036.07 507.78 1056.63 557.91 6
3 0.858877 643.02 947.88 893.81 1074.32 0
3 0.857080 1262.66 695.06 1366.93 724.87 3
0 0.852346 1325.72 894.02 1349.75 968.13 4
3 0.846346 407.40 915.40 517.09 1077.97 0
3 0.824050 1006.13 773.08 1107.57 888.11 0
3 0.821627 399.15 384.00 450.01 429.71 2
0 0.817537 1383.12 945.43 1412.30 1025.05 4
3 0.814502 1483.12 921.28 1530.83 1023.86 4
3 0.814000 787.24 371.80 828.35 409.51 7
3 0.808681 1088.72 526.53 1170.95 589.11 6
3 0.806424 1021.01 418.85 1106.89 458.37 6
0 0.805691 1423.62 935.17 1445.69 1005.65 4
3 0.805607 1119.01 613.54 1249.52 679.86 3
0 0.803357 1409.30 900.65 1430.67 953.00 4
3 0.800934 579.81 726.19 668.88 855.91 0
3 0.798803 429.98 331.10 471.73 370.45 2
3 0.798658 869.04 490.86 882.91 541.25 6
3 0.797757 1088.41 464.71 1157.87 510.35 6
3 0.796330 871.65 804.10 988.55 948.15 0
3 0.795181 1494.11 782.82 1530.83 854.73 4
3 0.791663 912.02 448.48 928.53 486.86 8
3 0.779165 654.90 358.97 691.78 401.13 7
3 0.777957 869.08 352.71 902.79 392.44 6
3 0.777310 218.27 740.68 320.13 860.47 0
3 0.769589 990.58 326.50 1066.55 356.15 1
0 0.766262 1711.39 884.11 1747.94 953.14 5
3 0.766197 479.60 275.73 511.40 305.01 2
3 0.763909 996.45 403.54 1080.31 443.57 6
3 0.752790 917.34 334.85 968.16 367.58 1
3 0.751830 1123.52 560.15 1170.91 589.82 6
3 0.742982 1229.11 760.18 1262.62 821.04 4
3 0.699338 504.71 490.26 556.83 521.94 2
0 0.685082 403.16 427.61 418.32 467.53 2
0 0.683622 415.06 402.90 429.09 443.17 2
3 0.682930 1482.63 919.86 1602.75 1037.63 0
3 0.680292 783.69 339.25 818.05 373.09 7
3 0.677420 965.26 354.76 1041.12 386.88 1
0 0.671351 468.08 373.01 481.22 409.80 2
3 0.670889 869.01 440.06 928.45 487.79 6
2 0.669726 1389.57 1019.50 1475.85 1061.71 4
3 0.667460 1299.62 760.11 1387.93 791.87 4
3 0.664377 983.01 377.41 1067.90 420.60 6
3 0.655217 659.10 295.54 689.88 330.55 7
3 0.648368 1188.15 726.49 1265.78 757.90 8
3 0.632645 1109.28 503.31 1169.13 533.34 3
0 0.631069 1065.36 355.26 1078.59 384.06 1
3 0.629414 619.70 549.56 680.64 614.76 0
0 0.627408 1304.35 531.46 1317.12 567.85 3
3 0.625410 466.29 293.66 502.22 327.66 2
3 0.621680 1177.22 724.79 1268.59 822.02 0
3 0.620860 843.97 699.47 919.34 795.84 0
0 0.617026 449.28 377.45 466.36 413.32 2
5 0.616196 1026.80 288.03 1062.98 319.58 6
3 0.615286 945.13 344.17 1000.95 378.68 1
3 0.610918 831.68 294.14 871.40 328.06 7
3 0.610219 917.65 336.42 930.85 366.41 7
3 0.605707 512.42 231.68 542.95 258.40 2
3 0.596816 47.22 789.58 185.20 937.36 0
3 0.593773 1109.05 526.08 1210.91 590.59 3
3 0.593142 449.34 314.17 491.11 348.13 2
3 0.586418 134.66 697.19 248.10 806.42 0
0 0.580958 1762.99 941.44 1794.58 993.39 5
3 0.573876 803.61 442.12 850.57 454.94 7
3 0.572449 1262.42 688.71 1289.83 749.40 8
3 0.545501 1109.03 448.46 1121.82 466.56 3
2 0.540544 1312.36 984.12 1359.63 1008.26 4
3 0.537044 503.38 247.93 530.55 273.92 2
3 0.534820 773.18 287.01 798.24 315.43 7
0 0.533348 1774.52 925.11 1807.53 987.30 5
3 0.531877 999.33 373.56 1055.05 386.83 1
3 0.528757 493.26 260.36 523.62 288.37 2
3 0.526188 1261.31 694.48 1388.19 788.46 0
3 0.524586 862.79 440.54 918.27 454.83 7
0 0.519843 1751.12 985.61 1782.93 1062.00 5
5 0.510962 594.37 608.77 670.28 732.25 0
8 0.507407 1589.11 795.48 1633.32 897.03 5
0 0.502223 1696.54 865.62 1723.98 933.09 5
2 0.497261 1673.03 892.93 1756.38 952.45 5
0 0.487956 1412.03 991.42 1456.18 1040.41 4
0 0.476399 494.42 312.69 503.02 340.93 2
9 0.472288 1717.57 1021.55 1785.57 1061.84 5
3 0.470873 869.10 560.65 880.64 589.85 6
3 0.463335 586.09 322.48 629.09 365.05 0
3 0.462355 912.02 633.37 920.53 683.67 8
5 0.460344 1092.73 251.37 1154.76 286.92 1
3 0.460006 820.35 559.72 881.14 624.55 0
3 0.455844 849.01 601.75 919.06 681.84 0
0 0.443093 944.52 377.76 956.98 399.69 6
0 0.436796 846.95 212.38 855.96 231.90 7
0 0.432509 1110.74 344.07 1120.15 358.92 1
3 0.425713 500.50 487.96 558.72 557.70 0
3 0.420986 0.27 927.08 96.96 1077.66 0
3 0.410042 826.61 487.05 882.75 544.35 0
0 0.407699 640.58 301.41 653.73 332.11 7
0 0.405978 384.02 487.68 396.01 506.01 2
3 0.404856 980.71 366.29 1040.67 399.92 6
3 0.404001 415.76 359.81 460.80 389.76 2
0 0.397043 1319.48 539.48 1333.22 573.04 3
3 0.395451 902.57 288.63 939.88 318.11 1
5 0.377302 1491.35 774.93 1636.15 905.49 0
5 0.375931 1223.90 540.41 1287.43 590.18 3
3 0.375701 1492.04 774.53 1636.56 900.63 0
5 0.357703 522.09 220.00 551.67 245.24 2
5 0.353538 242.17 565.93 326.97 674.22 0
5 0.352156 1589.13 795.70 1633.53 896.98 5
3 0.348849 1270.31 456.67 1289.84 487.23 8
0 0.341869 1342.83 526.55 1354.88 553.03 3
3 0.340013 804.23 441.90 858.18 489.88 0
2 0.337768 1703.30 909.22 1756.61 952.49 5
5 0.334845 958.52 288.08 986.44 330.47 6
0 0.332222 1125.88 318.99 1142.33 349.27 1
0 0.328874 433.35 771.86 470.59 848.36 0
3 0.326868 594.94 609.24 670.67 732.46 0
2 0.321971 1206.11 444.23 1243.19 463.56 8
2 0.320952 1661.06 872.74 1706.79 919.90 5
3 0.314921 905.80 196.44 954.52 215.37 1
3 0.314478 201.52 633.18 290.14 717.82 0
5 0.302112 1161.09 634.47 1291.34 728.38 0
3 0.295852 621.60 469.77 676.82 534.15 0
9 0.295117 1589.15 963.05 1626.62 1061.80 5
3 0.289433 521.97 220.04 551.17 245.00 2
5 0.281964 197.52 633.00 286.30 718.18 0
3 0.280192 447.95 358.68 465.33 385.74 2
0 0.279305 825.25 153.06 830.74 168.10 7
5 0.275916 895.61 258.11 924.32 290.09 1
3 0.273824 895.77 258.38 924.49 290.39 7
0 0.265214 1493.06 778.70 1504.51 797.13 4
5 0.262347 622.65 410.71 677.50 467.03 0
9 0.257177 374.75 698.43 402.80 756.04 0
5 0.255677 1032.96 245.13 1084.19 276.90 1
0 0.253725 374.44 689.12 403.39 754.88 0
