3 0.925022 57.08 353.30 126.67 422.82 8
3 0.921778 249.07 212.14 318.80 245.24 2
3 0.921331 81.27 422.04 160.36 489.11 8
3 0.914446 110.98 281.15 184.63 328.60 8
3 0.903872 208.41 459.56 324.97 520.04 8
3 0.862921 358.44 177.88 398.20 210.62 2
3 0.856820 1065.77 552.79 1184.89 639.03 0
3 0.847352 1007.52 469.55 1144.56 532.44 0
3 0.843244 350.54 134.01 411.84 158.15 2
3 0.841655 1106.58 607.42 1233.05 697.96 7
3 0.836524 772.01 373.29 862.65 424.94 4
3 0.832312 1142.12 671.81 1247.85 761.83 7
3 0.819315 486.24 166.52 515.51 201.43 2
3 0.809875 738.69 330.20 778.56 376.78 4
3 0.790680 849.73 710.52 1027.41 764.00 0
3 0.772976 773.66 576.59 842.26 689.98 0
3 0.763403 380.33 373.22 440.87 445.70 0
3 0.731973 344.39 150.04 382.28 179.35 2
0 0.730112 984.30 441.59 998.97 473.26 6
3 0.717352 740.96 239.61 786.72 276.23 4
0 0.698973 808.33 96.25 816.20 117.82 1
3 0.698777 687.37 211.07 718.10 235.90 4
3 0.693611 685.43 103.17 709.47 126.78 1
3 0.692952 424.01 4.52 444.89 20.38 2
5 0.687403 217.90 259.57 331.91 378.34 0
3 0.672207 980.29 716.01 1030.47 763.19 7
3 0.665935 373.11 98.97 400.14 121.87 2
3 0.653323 415.54 98.73 444.69 125.21 2
3 0.629784 729.70 285.60 768.15 332.74 4
3 0.611090 0.12 437.45 48.04 511.47 0
3 0.610159 418.44 284.07 471.26 349.43 0
3 0.603939 788.64 16.15 814.38 31.58 1
5 0.596072 342.88 95.70 368.72 120.11 2
0 0.595974 390.55 146.76 398.41 170.05 2
3 0.580269 493.15 259.85 534.13 318.35 0
3 0.567994 624.15 96.90 648.87 124.84 0
0 0.555386 409.18 100.88 415.64 120.30 2
3 0.548640 846.29 268.30 895.09 311.64 0
5 0.521690 893.51 173.54 928.82 210.44 1
5 0.512264 692.67 64.05 711.84 87.93 1
3 0.499261 1151.02 274.00 1185.77 317.40 3
3 0.493659 739.40 486.24 814.14 573.19 0
0 0.491681 952.59 180.15 962.75 200.53 5
0 0.485847 924.08 347.00 934.02 355.93 6
5 0.485053 371.95 47.46 405.51 69.47 2
3 0.464489 696.56 87.55 718.34 109.33 1
3 0.464159 846.35 270.23 862.88 310.24 4
3 0.461851 223.06 383.71 272.02 421.02 8
3 0.445708 700.69 160.03 728.79 190.69 1
9 0.440781 918.36 217.49 936.85 232.42 1
3 0.426771 234.73 423.19 333.38 466.77 0
0 0.416938 404.17 103.71 411.14 120.22 2
3 0.393317 670.42 75.41 689.33 97.18 1
0 0.392308 922.21 328.29 936.08 358.46 0
0 0.384724 320.23 70.96 326.39 88.81 2
5 0.374132 1151.06 274.47 1185.67 317.22 3
3 0.369125 371.96 47.86 405.25 69.38 2
3 0.365315 427.32 237.05 453.26 253.00 2
5 0.359285 392.71 35.49 413.61 58.12 2
3 0.344377 499.15 144.42 515.87 175.68 2
3 0.343534 669.28 43.38 688.01 61.50 1
0 0.343085 326.53 71.55 332.43 89.04 2
3 0.340741 679.39 53.53 702.93 72.88 1
5 0.334362 432.15 0.00 461.06 10.83 2
3 0.327860 392.77 35.70 413.58 58.62 2
5 0.327478 869.36 135.57 907.05 191.54 1
3 0.327189 497.23 112.61 515.86 129.78 2
3 0.315643 785.17 438.69 914.87 499.63 6
3 0.282898 922.02 179.55 928.55 210.08 5
3 0.279167 804.37 250.78 822.16 268.18 4
3 0.275455 507.80 113.24 515.93 128.77 2
3 0.274727 897.18 407.53 951.97 445.29 6
5 0.267887 785.73 427.48 831.68 446.63 6
3 0.266383 766.46 431.80 854.22 494.14 0
5 0.266087 290.34 265.00 325.00 312.78 8
3 0.259682 1134.63 615.16 1265.68 718.61 0
3 0.251355 506.79 0.00 514.02 5.49 2
