3 0.852355 446.57 628.78 570.63 752.67 0
3 0.846702 716.78 253.76 775.97 283.16 1
3 0.841470 425.29 289.13 477.98 321.78 3
0 0.831055 710.64 383.94 722.40 422.43 2
3 0.818807 885.80 223.89 931.49 244.13 4
3 0.817213 621.19 235.00 649.49 253.07 2
3 0.815860 982.00 236.65 1044.41 258.94 6
3 0.815032 991.60 270.71 1057.11 296.30 6
3 0.805953 518.28 169.49 538.78 185.07 7
3 0.767012 376.28 255.75 424.38 284.27 3
5 0.761194 361.69 214.60 416.43 239.88 3
0 0.755914 726.02 373.86 739.17 413.18 2
3 0.745930 482.55 183.90 512.72 201.83 7
3 0.734869 648.27 151.82 664.92 167.34 1
3 0.733128 105.22 252.74 177.10 279.01 5
3 0.726782 571.48 228.53 600.92 254.79 0
3 0.724530 582.49 336.61 627.46 377.51 0
0 0.705929 744.77 370.43 753.52 405.41 2
3 0.702258 219.43 229.78 283.90 249.13 5
5 0.686312 137.62 210.85 181.73 232.86 5
3 0.676588 789.62 263.46 830.00 295.33 1
3 0.660014 600.83 168.96 620.50 184.34 7
5 0.659131 275.04 203.96 310.93 227.39 3
5 0.648315 673.20 259.80 710.39 311.18 1
3 0.641685 615.01 169.71 620.40 184.45 1
3 0.638536 684.36 162.29 698.01 174.71 1
3 0.625983 521.48 304.92 565.95 344.45 0
0 0.624431 760.73 377.87 770.00 412.45 2
3 0.623759 982.69 236.85 999.89 257.77 4
3 0.616221 304.51 180.13 319.89 197.93 5
3 0.599000 23.18 211.11 81.63 231.51 8
0 0.595482 751.46 377.33 763.67 414.48 2
3 0.589723 207.27 208.61 234.23 229.98 5
3 0.580069 878.83 219.04 910.25 236.67 4
0 0.574839 850.63 221.27 857.13 240.44 4
3 0.569940 642.13 119.79 655.87 128.18 1
9 0.567394 385.57 352.53 408.10 399.30 0
3 0.564020 615.08 338.75 627.24 377.42 2
5 0.536671 766.48 178.88 784.79 201.21 1
3 0.534736 318.73 210.61 338.31 223.85 3
3 0.532377 991.66 277.82 999.94 292.36 4
3 0.526729 675.57 268.26 710.94 310.85 0
3 0.524194 105.11 241.64 143.70 259.60 5
5 0.508389 276.51 261.41 317.98 279.85 5
3 0.505891 856.33 213.21 884.01 232.53 4
3 0.500677 275.02 231.68 283.55 246.62 3
0 0.492574 460.11 197.67 466.76 214.19 3
3 0.489137 937.48 228.69 961.68 250.68 4
3 0.478472 673.65 107.55 681.90 114.77 1
0 0.475524 176.21 201.42 184.37 217.02 8
3 0.475034 704.26 117.57 713.09 127.97 1
5 0.474147 401.07 181.05 447.34 200.62 3
5 0.473469 840.62 200.30 862.21 221.12 4
5 0.456948 304.79 180.18 333.46 198.09 3
9 0.452474 675.85 130.27 682.17 144.82 1
5 0.450636 530.55 159.88 548.69 177.20 7
9 0.439774 233.69 255.12 240.28 273.07 5
0 0.432568 618.72 305.10 635.61 335.59 0
5 0.415137 937.46 228.64 961.60 250.84 4
3 0.410662 0.11 249.19 33.76 275.79 0
9 0.399128 216.22 346.89 237.23 393.94 0
3 0.397574 482.46 189.27 489.92 201.56 3
5 0.381855 648.30 151.59 659.94 167.19 7
0 0.375232 142.10 291.77 151.93 318.61 5
5 0.370139 286.24 339.87 349.24 392.40 0
9 0.368612 456.98 205.07 471.65 215.92 3
3 0.343210 349.73 201.28 402.19 219.18 3
5 0.334191 318.07 192.93 358.21 212.95 3
3 0.322866 689.32 150.39 703.76 161.81 1
5 0.316880 357.19 185.62 388.35 200.20 3
3 0.311419 840.84 200.42 861.71 220.41 4
3 0.311338 806.59 152.69 821.17 162.39 1
3 0.311182 775.29 133.19 792.60 142.00 1
3 0.311018 357.08 185.71 388.33 200.12 3
3 0.308011 600.77 198.88 608.37 212.55 7
3 0.306491 478.64 176.98 517.98 193.43 7
5 0.295809 1051.99 233.54 1118.73 259.56 6
0 0.282907 143.77 291.87 151.80 306.60 5
0 0.260655 921.12 432.24 940.07 466.81 0
3 0.259682 763.08 176.93 785.21 201.94 0
3 0.258086 272.48 257.42 323.24 280.02 0
3 0.256632 135.84 209.66 182.05 232.86 8
3 0.253557 516.63 163.06 546.01 185.20 0
